# vegetation placement
# h <file> <height>
# p <x> <y> <z> <scale> <flip> <file>
h 1.png 2.000
h 2.png 2.000
h 3.png 2.000
p 3.144 -10.347 15.622 1.245 0 3.png
p 2.195 -10.221 13.565 1.031 1 3.png
p 4.639 -10.275 13.691 0.902 0 2.png
p 2.104 -10.346 15.653 0.897 0 2.png
p 3.885 -10.311 14.051 0.918 1 1.png
p 5.063 -10.323 14.120 0.928 1 1.png
p 7.778 -10.361 14.981 0.830 1 1.png
p 5.116 -10.240 13.023 1.130 1 1.png
p 6.156 -10.360 15.346 1.025 1 1.png
p 7.965 -10.367 15.704 0.819 0 2.png
p 0.348 -10.147 12.485 1.286 1 1.png
p -0.285 -10.105 11.535 1.246 1 2.png
p 1.114 -10.080 10.828 0.869 1 3.png
p -0.238 -10.188 13.640 0.898 0 1.png
p -0.779 -10.088 10.151 0.922 0 3.png
p -1.408 -10.181 13.577 1.200 1 1.png
p -2.025 -10.173 12.646 1.113 0 1.png
p 0.354 -10.082 10.354 0.964 1 3.png
p 8.027 -10.195 10.220 0.899 1 1.png
p 4.868 -10.076 10.998 0.837 1 2.png
p 5.544 -10.176 12.165 1.099 0 2.png
p 5.268 -10.084 11.235 1.199 1 1.png
p 8.347 -10.187 8.445 1.166 1 2.png
p 4.480 -10.068 8.922 1.212 0 1.png
p 6.785 -10.103 7.170 1.196 1 3.png
p 5.845 -10.092 6.482 0.974 1 2.png
p 6.946 -10.108 7.053 1.043 0 2.png
p 6.686 -10.142 4.659 0.867 1 2.png
p 5.451 -10.066 7.780 1.117 0 3.png
p 6.052 -10.119 4.910 1.177 0 1.png
p 1.540 -10.122 4.327 0.840 1 1.png
p 4.473 -10.144 3.883 1.099 0 1.png
p 1.673 -10.092 4.738 1.112 1 3.png
p 1.173 -10.137 4.134 1.091 1 3.png
p -1.360 -10.229 2.271 1.147 0 1.png
p -3.092 -10.175 4.721 0.893 1 1.png
p -2.576 -10.225 3.168 0.811 1 1.png
p -1.597 -10.164 3.298 0.936 0 3.png
p -2.529 -10.138 5.092 1.137 0 3.png
p 0.024 -10.089 4.357 0.884 1 3.png
p -3.263 -10.178 8.465 1.142 0 2.png
p -3.618 -10.173 7.554 0.850 1 3.png
p -6.758 -10.152 6.763 1.189 1 2.png
p -3.494 -10.183 9.058 1.104 1 2.png
p -3.366 -10.185 8.631 1.006 0 1.png
p -3.280 -10.167 11.098 1.146 0 3.png
p -3.948 -10.161 12.047 0.909 1 1.png
p -3.705 -10.161 12.218 0.941 1 3.png
p -3.111 -10.158 11.888 1.197 0 3.png
p -2.862 -10.162 11.869 0.965 0 1.png
p -5.299 -10.162 12.233 1.225 1 3.png
p -2.638 -10.165 11.847 1.111 0 3.png
p -3.145 -10.364 15.217 1.034 1 2.png
p -3.144 -10.346 16.231 0.834 0 1.png
p -1.670 -10.274 14.280 1.048 1 1.png
p -0.428 -10.361 15.613 1.060 0 1.png
p -1.807 -10.179 12.158 1.109 1 1.png
p -2.920 -10.165 12.753 1.063 1 3.png
p 4.691 -10.353 15.423 0.814 1 2.png
p 3.395 -10.355 14.870 0.869 0 3.png
p 4.118 -10.358 16.563 1.231 1 2.png
p 1.832 -10.355 15.213 1.121 1 2.png
p 5.248 -10.357 16.485 1.168 1 2.png
p 1.012 -10.324 17.683 1.105 1 1.png
p -7.551 -10.165 9.761 1.116 1 3.png
p -6.099 -10.149 10.345 1.156 1 2.png
p -8.153 -10.173 9.188 1.276 0 3.png
p -7.351 -10.168 11.017 0.880 1 3.png
p -7.053 -10.159 9.458 1.292 0 3.png
p -9.268 -10.188 9.017 1.158 0 3.png
p -8.299 -10.176 8.318 0.831 0 3.png
p -7.342 -10.162 8.510 1.208 1 1.png
p -8.438 -10.191 5.874 0.899 0 2.png
p -9.952 -10.198 8.518 1.045 0 1.png
p -7.024 -10.214 5.115 0.958 1 2.png
p -9.054 -10.186 8.696 1.118 0 3.png
p -7.473 -10.169 6.208 1.238 1 3.png
p -9.578 -10.193 8.043 0.908 0 1.png
p -9.277 -10.192 6.083 0.853 1 2.png
p -7.231 -10.161 8.832 0.920 1 3.png
p -4.985 -10.286 3.903 1.212 0 1.png
p -4.125 -10.274 4.529 1.200 1 3.png
p -6.060 -10.180 5.776 0.820 0 3.png
p -5.765 -10.252 4.044 0.991 1 1.png
p -5.133 -10.293 3.071 1.230 0 3.png
p -2.493 -10.271 0.261 0.914 0 1.png
p -3.803 -10.285 1.602 1.135 1 3.png
p -2.239 -10.150 4.155 1.024 0 1.png
p -2.416 -10.130 8.266 1.152 1 1.png
p 0.176 -10.084 9.625 1.144 1 1.png
p -1.766 -10.135 10.516 1.277 0 3.png
p -0.808 -10.068 8.791 0.946 0 3.png
p -3.926 -10.176 8.759 0.863 1 3.png
p -3.572 -10.169 6.718 1.018 0 2.png
p -5.076 -10.144 9.467 0.966 1 2.png
p -4.540 -10.175 6.238 1.033 1 1.png
p -4.396 -10.165 9.474 1.030 0 2.png
p -3.537 -10.183 9.052 1.112 0 2.png
p -5.383 -10.144 10.660 0.829 0 2.png
p -3.477 -10.163 11.106 1.093 1 2.png
p -6.199 -10.147 9.394 1.222 0 2.png
p -5.690 -10.176 12.932 0.941 0 3.png
p -3.700 -10.179 9.022 1.153 0 2.png
p -1.817 -10.087 7.477 1.012 0 2.png
p -1.539 -10.083 5.920 1.269 1 2.png
p -5.212 -10.144 7.031 1.050 0 2.png
p 3.239 -10.235 13.598 1.073 0 3.png
p 3.739 -10.154 12.499 1.176 1 1.png
p 5.934 -10.271 12.964 1.139 1 2.png
p 3.178 -10.074 10.855 1.212 1 3.png
p 5.437 -10.356 15.017 1.001 0 2.png
p 3.738 -10.171 12.708 1.142 0 2.png
p 1.537 -10.133 12.494 0.838 0 3.png
p 5.289 -10.355 15.007 1.288 1 1.png
p 6.057 -10.342 13.577 0.975 0 1.png
p 4.820 -10.305 13.964 0.941 0 1.png
p 5.624 -10.334 13.632 1.253 1 1.png
p 4.976 -10.250 13.155 0.909 1 1.png
p 2.875 -10.351 14.524 1.277 1 2.png
p 1.777 -10.346 15.794 1.294 0 1.png
p -0.330 -10.360 15.599 1.291 0 2.png
p 0.877 -10.225 13.549 1.165 1 2.png
p -1.040 -10.184 12.692 0.968 0 2.png
p 0.606 -10.096 11.888 1.218 0 1.png
p 1.025 -10.323 14.687 1.018 1 1.png
p 1.672 -10.220 13.539 1.082 0 1.png
p 2.059 -10.179 2.828 1.044 0 3.png
p 0.906 -10.178 2.552 1.253 0 1.png
p 0.613 -10.139 4.090 0.980 1 2.png
p 3.242 -10.148 3.514 1.287 1 2.png
p 2.045 -10.080 4.836 0.986 1 3.png
p 4.855 -10.161 3.812 0.962 0 2.png
p -1.907 -10.123 4.536 1.051 0 2.png
p -2.793 -10.290 2.149 0.962 1 1.png
p -1.636 -10.199 2.861 0.975 1 2.png
p -0.919 -10.279 0.473 1.238 0 2.png
p -0.845 -10.077 4.709 0.921 1 1.png
p 1.432 -10.132 2.809 1.181 1 2.png
p 0.274 -10.090 5.192 0.893 1 2.png
p -2.029 -10.124 4.705 0.963 0 3.png
p -1.812 -10.094 5.548 1.245 0 3.png
p -2.762 -10.171 4.557 0.831 1 1.png
p -3.565 -10.196 5.255 1.072 0 3.png
p -2.557 -10.144 4.909 0.814 0 3.png
p -4.857 -10.146 6.509 1.222 1 2.png
p -2.944 -10.144 5.798 0.872 0 1.png
p 1.076 -10.076 11.109 0.946 0 2.png
p 0.013 -10.164 12.634 1.093 1 1.png
p -0.467 -10.091 10.974 1.033 1 3.png
p 1.243 -10.202 13.288 1.055 0 3.png
p 6.044 -10.068 8.988 1.006 1 2.png
p 4.463 -10.067 8.538 1.211 0 1.png
p 5.458 -10.121 11.617 1.216 1 1.png
p 5.678 -10.067 8.776 0.949 0 2.png
p 8.407 -10.183 7.430 0.856 0 2.png
p 7.687 -10.146 8.579 1.065 1 2.png
p 8.035 -10.178 6.799 1.027 0 2.png
p 5.147 -10.067 8.693 0.857 0 2.png
p 4.738 -10.062 6.762 0.922 1 2.png
p 2.603 -10.094 4.518 1.105 0 3.png
p 6.029 -10.079 7.455 1.155 1 1.png
p 4.135 -10.064 5.859 1.133 1 1.png
p 4.748 -10.207 2.797 0.813 0 1.png
p 5.233 -10.267 -0.332 1.072 0 3.png
p 4.707 -10.275 -0.498 1.085 0 1.png
p 4.122 -10.276 -0.341 1.272 0 2.png
p 8.007 -10.172 5.213 1.077 1 3.png
p 4.837 -10.184 3.258 1.093 0 2.png
p 8.139 -10.198 2.030 0.802 0 3.png
p 5.362 -10.236 1.554 1.080 1 3.png
p 11.266 -10.199 5.694 0.931 1 1.png
p 10.980 -10.196 2.765 1.182 0 1.png
p 12.587 -10.210 4.783 0.965 0 1.png
p 8.480 -10.178 4.649 1.256 0 2.png
p 11.169 -10.196 5.142 0.960 1 2.png
p 12.506 -10.225 6.852 0.874 0 1.png
p 9.587 -10.183 5.559 0.963 0 1.png
p 10.880 -10.192 4.050 1.278 1 2.png
p 8.452 -10.180 5.817 0.884 1 1.png
p 11.092 -10.196 3.231 1.130 1 2.png
p 10.012 -10.191 7.165 1.234 1 2.png
p 11.996 -10.207 5.334 0.940 1 2.png
p 11.699 -10.205 5.698 0.933 0 2.png
p 11.323 -10.209 7.087 1.270 1 2.png
p 8.719 -10.191 2.169 0.970 1 3.png
p 9.136 -10.185 3.535 1.100 0 2.png
p 7.718 -10.168 6.373 0.869 0 1.png
p 8.591 -10.183 3.324 1.162 0 3.png
p -0.173 -10.121 4.858 0.943 1 2.png
p 0.070 -10.113 4.652 1.001 1 3.png
p -0.658 -10.268 1.130 0.896 1 1.png
p 1.568 -10.112 3.019 1.244 1 2.png
p -3.234 -10.270 0.321 1.120 1 3.png
p -2.482 -10.285 2.408 0.805 0 2.png
p -2.120 -10.150 3.978 1.039 0 1.png
p -3.139 -10.268 0.096 1.008 0 1.png
p -1.707 -10.252 2.185 0.919 0 1.png
p -4.751 -10.281 1.462 0.908 0 3.png
p -4.640 -10.294 3.123 0.968 0 1.png
p -4.180 -10.278 1.091 1.220 1 2.png
p -5.814 -10.290 2.354 0.997 0 1.png
p -2.299 -10.283 1.180 1.168 0 3.png
p -6.295 -10.282 1.765 1.126 1 1.png
p -3.894 -10.293 2.845 1.140 0 2.png
p -3.474 -10.284 1.535 0.814 0 1.png
p -4.863 -10.293 3.231 0.946 0 1.png
p 1.798 -10.181 2.770 1.141 0 2.png
p 1.297 -10.250 0.895 0.848 1 1.png
p -1.302 -10.279 1.219 0.888 0 1.png
p 0.693 -10.273 -0.464 0.947 1 1.png
p 3.217 -10.263 0.702 1.229 1 2.png
p 1.633 -10.278 -0.462 1.093 1 1.png
p 0.539 -10.258 1.109 1.006 1 2.png
p 2.028 -10.278 -0.986 1.012 1 2.png
p 2.741 -10.061 5.418 0.828 1 1.png
p 3.291 -10.198 2.543 0.885 1 1.png
p 2.113 -10.064 7.659 1.136 0 1.png
p 4.202 -10.064 5.866 0.920 1 2.png
p 2.920 -10.272 -2.671 1.206 0 3.png
p 1.890 -10.271 -2.555 1.282 0 1.png
p 1.766 -10.269 -3.008 0.887 1 2.png
p 0.961 -10.263 -3.024 1.024 1 2.png
p 0.203 -10.255 -3.513 1.151 0 2.png
p -0.660 -10.244 -4.827 0.948 0 1.png
p -2.018 -10.228 -6.150 1.225 1 1.png
p -2.064 -10.226 -6.587 1.154 0 3.png
p -2.553 -10.221 -7.018 1.113 1 2.png
p -2.296 -10.219 -7.828 1.111 0 1.png
p -1.443 -10.227 -7.576 1.049 1 3.png
p -0.102 -10.234 -8.620 1.002 1 2.png
p 0.352 -10.236 -8.909 0.915 0 2.png
p 0.140 -10.237 -8.112 1.050 1 3.png
p -0.026 -10.237 -7.847 0.999 0 1.png
p -0.316 -10.240 -6.474 0.827 1 3.png
p 0.552 -10.252 -4.996 1.062 0 2.png
p 1.123 -10.260 -4.194 0.994 0 2.png
p 1.692 -10.264 -3.986 0.948 0 1.png
p 1.648 -10.263 -4.397 1.218 1 1.png
p 1.685 -10.264 -4.005 1.082 1 1.png
p 1.764 -10.262 -4.619 0.840 0 3.png
p 0.624 -10.248 -6.178 0.859 1 2.png
p 0.335 -10.243 -7.075 1.289 0 1.png
p 0.310 -10.242 -7.120 1.137 0 1.png
p -0.245 -10.240 -6.510 0.954 0 2.png
p -1.612 -10.224 -8.038 1.076 0 3.png
p -0.807 -10.227 -8.923 1.239 0 1.png
p -0.284 -10.229 -9.377 1.247 0 2.png
p -0.905 -10.223 -9.686 1.276 1 2.png
p -1.609 -10.231 -6.177 0.861 0 2.png
p -0.835 -10.238 -5.948 0.992 1 2.png
p 0.199 -10.248 -5.507 0.998 0 1.png
p 0.133 -10.247 -5.445 1.109 1 3.png
p 5.931 -10.254 0.056 1.038 1 3.png
p 6.445 -10.252 -0.160 1.214 0 2.png
p 8.471 -10.247 -1.167 0.964 1 3.png
p 8.265 -10.260 -1.954 0.989 1 2.png
p 8.085 -10.254 -1.308 0.915 0 1.png
p 9.288 -10.263 -3.334 0.830 1 1.png
p 9.463 -10.262 -3.680 1.146 0 2.png
p 8.718 -10.256 -5.402 1.149 1 3.png
p 8.400 -10.259 -4.775 0.887 1 3.png
p 4.460 -10.273 -2.392 0.816 1 3.png
p 4.293 -10.275 -1.845 1.211 1 3.png
p 5.724 -10.267 -3.547 1.194 0 2.png
p 6.950 -10.263 -4.028 0.923 1 2.png
p 6.704 -10.261 -4.682 1.231 0 1.png
p 8.389 -10.264 -3.365 1.157 0 3.png
p 8.783 -10.262 -3.788 1.120 0 2.png
p 8.727 -10.262 -3.778 1.014 0 3.png
p 8.273 -10.262 -4.067 1.003 1 3.png
p 7.674 -10.261 -4.338 1.167 0 2.png
p 10.380 -10.221 -0.847 1.074 0 3.png
p 10.073 -10.221 -0.619 1.006 0 1.png
p 7.676 -10.255 -5.972 1.135 1 3.png
p 7.211 -10.256 -5.836 1.054 0 2.png
p 7.996 -10.252 -6.577 0.910 0 3.png
p 8.230 -10.245 -8.245 1.163 1 1.png
p 8.555 -10.243 -8.590 1.126 0 2.png
p 8.109 -10.239 -9.493 1.294 1 1.png
p 9.162 -10.236 -10.139 0.934 0 3.png
p 9.305 -10.235 -10.311 0.964 0 2.png
p 9.811 -10.231 -11.129 1.209 1 1.png
p 9.337 -10.232 -10.976 0.867 0 1.png
p 8.530 -10.244 -8.394 1.120 1 1.png
p 9.101 -10.243 -8.315 1.053 0 1.png
p 9.565 -10.244 -1.680 0.882 0 3.png
p 9.974 -10.212 -0.043 0.909 0 1.png
p 9.044 -10.253 -5.982 1.173 0 1.png
p 9.243 -10.249 -6.795 1.151 1 1.png
p 9.492 -10.247 -7.202 0.966 0 2.png
p 9.651 -10.243 -8.168 1.144 1 1.png
p -1.233 -10.215 -11.242 1.066 0 3.png
p -0.498 -10.219 -11.788 1.094 1 2.png
p -0.837 -10.214 -12.348 0.878 0 1.png
p 0.963 -10.226 -12.793 1.150 0 1.png
p 1.247 -10.230 -12.438 0.870 0 3.png
p 1.226 -10.228 -12.980 0.913 1 2.png
p 1.603 -10.229 -13.107 0.849 1 3.png
p 1.418 -10.226 -13.920 1.197 0 2.png
p 1.455 -10.223 -14.819 1.132 1 2.png
p 0.888 -10.217 -15.199 1.129 0 2.png
p 0.825 -10.215 -15.481 1.190 0 3.png
p 0.767 -10.215 -15.458 0.893 1 2.png
p 1.439 -10.214 -16.918 0.811 1 1.png
p 1.045 -10.211 -16.895 0.956 1 2.png
p 0.912 -10.204 -18.454 0.989 1 2.png
p 0.315 -10.202 -18.818 1.265 1 3.png
p 0.302 -10.202 -19.096 0.921 1 3.png
p 0.181 -10.203 -19.462 1.244 0 1.png
p -0.590 -10.203 -19.480 1.002 1 1.png
p -0.471 -10.204 -19.715 1.234 0 1.png
p 1.611 -10.205 -19.811 1.103 0 3.png
p 2.843 -10.206 -18.755 1.251 1 3.png
p 3.870 -10.206 -18.490 1.088 1 1.png
p 5.458 -10.203 -19.021 1.165 0 2.png
p 5.936 -10.204 -18.807 0.953 1 3.png
p 7.376 -10.207 -18.417 0.896 0 1.png
p 8.728 -10.202 -18.605 0.990 1 2.png
p 8.989 -10.202 -18.183 0.812 1 2.png
p 8.066 -10.213 -16.509 0.869 0 3.png
p 8.373 -10.212 -16.803 0.943 1 3.png
p 6.237 -10.208 -17.813 1.190 0 1.png
p 6.050 -10.207 -18.138 0.952 1 3.png
p 5.317 -10.208 -17.962 1.292 1 1.png
p 4.339 -10.208 -18.059 1.249 1 2.png
p 3.333 -10.206 -18.515 1.198 0 2.png
p 3.150 -10.206 -18.557 0.988 1 1.png
p 2.726 -10.203 -19.382 1.022 0 1.png
p 3.185 -10.206 -18.528 0.823 1 1.png
p 2.189 -10.213 -16.985 1.050 0 3.png
p 1.695 -10.212 -17.272 1.060 1 3.png
p 2.147 -10.222 -14.731 1.228 0 3.png
p 2.984 -10.221 -14.866 1.149 1 1.png
p -0.713 -10.214 -12.710 1.042 0 1.png
p -0.811 -10.212 -12.957 0.873 0 1.png
p -0.473 -10.213 -13.417 1.008 0 3.png
p -0.298 -10.210 -14.541 1.091 0 3.png
p -0.082 -10.208 -15.585 1.266 1 1.png
p 0.034 -10.205 -16.516 1.108 1 1.png
p -0.199 -10.205 -16.170 0.989 1 3.png
p -0.647 -10.198 -17.638 1.273 1 1.png
p -1.338 -10.197 -18.039 1.170 1 1.png
p -1.374 -10.197 -18.087 1.270 0 1.png
p -1.508 -10.195 -18.965 0.898 1 2.png
p -1.201 -10.199 -19.363 1.280 0 3.png
p -1.823 -10.194 -19.600 1.041 0 2.png
p -1.373 -10.200 -19.759 0.826 0 2.png
p -3.996 -10.203 -8.633 1.199 1 1.png
p -4.276 -10.201 -8.557 1.289 1 2.png
p -3.750 -10.196 -11.105 0.991 0 1.png
p -4.106 -10.192 -11.395 0.847 0 1.png
p -3.896 -10.189 -12.511 1.278 0 1.png
p -4.451 -10.183 -13.878 0.949 0 2.png
p -4.523 -10.183 -14.281 0.828 0 2.png
p -4.251 -10.184 -14.490 0.807 0 3.png
p -4.452 -10.185 -12.634 1.045 1 1.png
p -4.516 -10.184 -12.936 1.099 0 2.png
p -4.422 -10.186 -12.384 0.854 0 2.png
p -4.862 -10.184 -12.039 0.885 1 3.png
p -4.632 -10.190 -10.889 0.975 1 1.png
p -5.083 -10.205 -5.989 1.124 1 3.png
p -4.973 -10.206 -5.890 1.025 1 1.png
p -5.434 -10.203 -5.587 0.953 0 3.png
p -6.473 -10.198 -5.292 0.923 1 1.png
p -6.644 -10.204 -4.550 1.084 0 1.png
p -7.336 -10.198 -4.901 1.286 1 1.png
p -7.008 -10.198 -4.937 0.863 0 1.png
p -6.141 -10.197 -5.708 1.010 0 1.png
p -6.174 -10.198 -5.378 0.804 1 3.png
p -5.586 -10.197 -6.892 0.816 1 1.png
p -5.359 -10.201 -6.445 1.204 1 3.png
p -10.912 -10.177 -5.341 0.825 0 3.png
p -10.442 -10.183 -5.060 1.071 1 2.png
p -11.133 -10.179 -5.999 0.939 0 2.png
p -10.552 -10.180 -5.251 0.929 0 3.png
p -9.890 -10.183 -5.375 1.155 1 2.png
p -9.544 -10.186 -5.328 0.957 1 1.png
p -8.705 -10.194 -4.979 1.102 1 3.png
p -8.926 -10.187 -5.509 1.244 1 2.png
p -10.083 -10.178 -5.783 0.847 0 3.png
p -9.506 -10.182 -5.682 1.131 0 1.png
p -10.388 -10.268 3.706 1.076 1 2.png
p -9.454 -10.278 3.121 1.151 0 1.png
p -9.970 -10.281 2.684 1.038 0 1.png
p -9.003 -10.284 1.907 1.040 1 3.png
p -9.401 -10.278 3.104 1.061 1 1.png
p -13.484 -10.242 10.339 0.931 1 2.png
p -12.768 -10.233 10.140 0.973 1 1.png
p -12.126 -10.225 10.047 1.086 0 1.png
p -11.209 -10.213 10.150 0.832 0 2.png
p -11.165 -10.215 11.116 0.866 1 2.png
p -10.103 -10.201 10.901 1.128 1 3.png
p -9.665 -10.201 12.036 1.225 0 2.png
p -10.064 -10.209 12.347 1.196 1 2.png
p -9.456 -10.203 12.450 1.262 0 1.png
p -12.892 -10.235 10.255 1.273 0 3.png
p -12.764 -10.233 9.713 1.068 0 2.png
p -14.023 -10.260 13.419 1.082 1 3.png
p -13.879 -10.260 13.634 1.092 1 1.png
p -12.298 -10.236 12.752 0.907 0 3.png
p -12.059 -10.235 12.986 1.114 1 3.png
p -13.952 -10.256 12.638 1.014 1 3.png
p -13.938 -10.259 13.349 1.296 0 2.png
p -14.511 -10.264 12.950 1.208 0 1.png
p -16.078 -10.277 11.512 1.035 0 3.png
p -16.281 -10.279 10.585 1.163 0 2.png
p -16.262 -10.279 11.399 1.243 1 2.png
p -17.016 -10.288 10.486 1.014 0 2.png
p -16.559 -10.282 10.173 0.824 1 3.png
p -22.295 -10.300 9.801 0.836 0 2.png
p -22.416 -10.303 9.462 0.903 0 1.png
p -22.140 -10.303 9.466 0.908 0 3.png
p -21.788 -10.303 9.409 0.866 1 3.png
p -20.926 -10.307 9.489 0.981 0 1.png
p -19.848 -10.299 9.162 1.009 0 3.png
p -19.356 -10.308 10.225 0.824 0 2.png
p -19.833 -10.309 9.616 0.821 1 2.png
p -15.939 -10.271 7.522 1.091 1 3.png
p -15.840 -10.263 6.699 0.988 0 1.png
p -15.029 -10.263 7.239 1.223 1 2.png
p -13.920 -10.251 7.091 1.281 1 3.png
p -13.181 -10.241 7.102 1.119 0 1.png
p -13.304 -10.243 7.331 1.205 1 1.png
p -18.095 -10.274 5.439 0.888 0 2.png
p -17.309 -10.263 5.568 0.826 0 1.png
p -17.745 -10.269 4.940 1.041 0 2.png
p -17.099 -10.258 5.085 0.982 1 1.png
p -16.225 -10.246 4.902 1.042 1 3.png
p -14.985 -10.241 4.809 1.053 1 1.png
p -14.570 -10.244 5.150 0.917 0 1.png
p -13.903 -10.246 4.759 0.905 1 1.png
p -11.858 -10.226 5.539 1.136 0 1.png
p -12.115 -10.242 5.040 0.959 1 3.png
p 5.999 -10.232 1.342 0.939 0 1.png
p 6.400 -10.227 1.393 0.858 1 2.png
p 6.387 -10.201 3.164 1.014 0 3.png
p 5.471 -10.185 3.943 0.892 1 1.png
p 5.856 -10.183 3.607 0.986 0 1.png
p 7.190 -10.182 3.515 0.931 0 2.png
p 1.781 -10.245 0.676 0.838 1 1.png
p 0.951 -10.266 0.542 0.908 0 1.png
p 3.239 -10.217 2.101 1.011 1 1.png
p 2.818 -10.211 2.086 1.005 1 2.png
p 9.268 -10.256 -2.213 0.883 0 3.png
p 9.743 -10.258 -2.831 0.894 1 3.png
p 6.012 -10.272 -2.303 1.175 0 2.png
p 5.264 -10.273 -2.293 1.155 0 2.png
p 5.485 -10.274 -1.229 1.225 0 1.png
p 5.598 -10.273 -1.074 0.802 0 2.png
p 10.670 -10.194 3.142 0.989 0 3.png
p 12.409 -10.205 3.393 0.807 1 2.png
p 13.530 -10.222 4.683 1.039 1 3.png
p 13.933 -10.227 4.596 1.231 1 1.png
p 13.981 -10.223 4.107 0.994 0 3.png
p 13.835 -10.227 4.758 1.291 1 1.png
p 12.960 -10.225 5.814 0.974 0 1.png
p 6.948 -10.099 7.385 1.005 1 3.png
p 5.842 -10.071 7.703 0.802 1 3.png
p 9.989 -10.194 7.855 0.970 1 3.png
p 11.121 -10.214 8.359 0.915 0 1.png
p 10.337 -10.219 9.569 1.031 0 2.png
p 10.094 -10.279 10.874 1.219 1 2.png
p 9.807 -10.308 11.567 1.300 0 3.png
p 8.519 -10.342 12.096 0.805 0 2.png
p 8.459 -10.349 13.160 0.995 0 1.png
p 6.333 -10.160 11.403 0.976 1 2.png
p 6.206 -10.198 11.949 1.011 0 1.png
p 6.996 -10.185 11.083 0.845 0 1.png
p 8.062 -10.202 10.400 0.992 0 1.png
p 8.149 -10.177 9.236 1.144 1 1.png
p 4.891 -10.076 10.917 1.053 1 1.png
p 5.464 -10.078 10.889 1.113 1 2.png
p 6.668 -10.102 10.438 1.013 1 3.png
p 9.712 -10.363 14.068 1.152 0 3.png
p 9.317 -10.360 13.948 0.898 1 2.png
p 8.292 -10.362 14.356 1.252 1 2.png
p 7.780 -10.374 16.829 0.967 0 1.png
p 7.160 -10.357 14.664 1.220 1 3.png
p 6.286 -10.352 14.238 1.284 0 3.png
p 6.802 -10.368 17.052 0.831 1 2.png
p 7.393 -10.372 17.332 0.835 1 3.png
p 8.595 -10.371 16.014 1.297 1 3.png
p 9.370 -10.375 15.574 1.267 0 3.png
p 1.340 -10.323 17.621 0.849 0 2.png
p 2.344 -10.333 18.011 1.073 1 2.png
p 3.511 -10.353 18.918 1.109 0 3.png
p 4.598 -10.372 18.674 1.019 1 3.png
p 4.885 -10.371 18.514 1.004 1 3.png
p 11.918 -10.330 11.180 0.808 0 3.png
p 11.453 -10.330 11.657 1.063 1 3.png
p 11.349 -10.351 12.918 1.283 1 3.png
p 11.050 -10.356 13.358 1.066 0 1.png
p 11.319 -10.370 14.353 1.117 1 2.png
p 12.871 -10.384 15.764 1.001 0 2.png
p 13.504 -10.381 15.914 0.854 1 2.png
p 13.787 -10.377 16.297 1.216 0 2.png
p 13.780 -10.378 16.179 1.154 1 1.png
p 12.942 -10.385 16.225 0.873 1 1.png
p 12.507 -10.384 15.566 1.165 1 3.png
p 11.904 -10.389 15.808 1.037 0 1.png
p 11.354 -10.385 15.535 1.239 0 1.png
p 11.047 -10.387 15.787 1.279 1 1.png
p 9.756 -10.385 17.469 0.859 0 2.png
p 9.882 -10.390 18.314 0.979 1 2.png
p 6.117 -10.365 18.728 0.985 0 1.png
p -2.390 -10.324 18.332 1.093 0 2.png
p -2.555 -10.324 18.420 0.827 1 1.png
p -3.589 -10.326 18.662 1.033 0 2.png
p -2.218 -10.300 20.711 0.966 1 1.png
p -2.885 -10.310 20.002 1.156 1 2.png
p 0.451 -10.305 19.592 0.964 1 2.png
p 0.371 -10.301 20.171 1.176 0 1.png
p 0.132 -10.376 23.036 0.845 1 3.png
p 1.076 -10.385 23.954 0.901 1 2.png
p 1.194 -10.389 25.003 0.929 0 3.png
p 1.971 -10.394 25.500 1.296 0 2.png
p 3.216 -10.400 25.011 0.965 1 2.png
p 3.452 -10.401 24.974 0.987 0 1.png
p 3.526 -10.401 24.821 1.066 0 1.png
p 4.477 -10.404 24.032 0.914 0 1.png
p 6.737 -10.413 24.214 1.128 0 2.png
p 6.460 -10.410 23.813 1.184 0 1.png
p 1.797 -10.393 25.190 1.040 1 1.png
p 1.068 -10.386 24.367 1.099 1 3.png
p -5.988 -10.278 1.388 0.830 1 2.png
p -5.755 -10.274 1.049 0.902 1 3.png
p -5.413 -10.268 0.498 1.200 1 1.png
p -5.172 -10.262 -0.004 0.832 0 1.png
p -3.776 -10.249 -1.354 0.993 0 1.png
p -2.344 -10.256 -1.192 1.031 1 3.png
p -1.028 -10.259 -1.267 1.106 1 2.png
p -1.243 -10.252 -1.789 1.074 1 3.png
p -3.632 -10.274 0.739 0.841 1 1.png
p -3.975 -10.275 0.829 1.246 0 1.png
p -7.711 -10.196 5.620 0.851 0 1.png
p -7.502 -10.223 4.991 1.201 0 2.png
p -6.374 -10.258 4.025 1.078 0 1.png
p -7.080 -10.268 3.826 1.131 0 3.png
p -5.482 -10.141 9.755 1.034 0 3.png
p -5.509 -10.142 9.446 1.259 0 3.png
